0 0
0 0.0199999995529652
0 0.120000004768372
34.5476837158203 0.188714802265167
34.5476837158203 0.218068405985832
34.5476837158203 0.234786808490753
34.5476837158203 0.247477501630783
34.5476837158203 0.262576907873154
34.5476837158203 0.277597993612289
34.5476837158203 0.289108991622925
34.5476837158203 0.302848994731903
34.5476837158203 0.314670413732529
34.5476837158203 0.325353592634201
34.5476837158203 0.338067710399628
34.5476837158203 0.346917986869812
34.5476837158203 0.36131888628006
34.5476837158203 0.374954611063004
34.5476837158203 0.385513603687286
34.5476837158203 0.397838205099106
34.5476837158203 0.409634411334991
34.5476837158203 0.422890812158585
34.5476837158203 0.437144815921783
34.5476837158203 0.44828400015831
34.5476837158203 0.459270387887955
34.5476837158203 0.469968914985657
34.5476837158203 0.48321920633316
34.5476837158203 0.496775805950165
34.5476837158203 0.507778406143188
34.5476837158203 0.520792484283447
34.5476837158203 0.534697830677032
34.5476837158203 0.545930325984955
34.5476837158203 0.556736886501312
34.5476837158203 0.566911578178406
34.5476837158203 0.579419076442719
34.5476837158203 0.628007173538208
34.5476837158203 0.681033492088318
34.5476837158203 0.706947326660156
34.5476837158203 0.725694477558136
34.5476837158203 0.743572175502777
34.5476837158203 0.758546411991119
34.5476837158203 0.770479679107666
34.5476837158203 0.787382006645203
34.5476837158203 0.800216197967529
34.5476837158203 0.814838528633118
34.5476837158203 0.826337516307831
34.5476837158203 0.840367078781128
34.5476837158203 0.855350017547607
34.5476837158203 0.869035303592682
34.5476837158203 0.884576022624969
34.5476837158203 0.900210499763489
34.5476837158203 0.917229413986206
34.5476837158203 0.930323600769043
34.5476837158203 0.949284374713898
34.5476837158203 0.965029001235962
34.5476837158203 0.981288015842438
34.5476837158203 0.998110592365265
34.5476837158203 1.01128923892975
34.5476837158203 1.02934956550598
34.5476837158203 1.04757404327393
34.5476837158203 1.06388294696808
34.5476837158203 1.07910323143005
34.5476837158203 1.09195351600647
34.5476837158203 1.11296248435974
34.5476837158203 1.12708902359009
34.5476837158203 1.14317071437836
34.5476837158203 1.15827775001526
34.5476837158203 1.17306685447693
34.5476837158203 1.19214355945587
34.5476837158203 1.20514976978302
34.5476837158203 1.22033476829529
34.6294898986816 1.23589897155762
34.6294898986816 1.24999129772186
34.6294898986816 1.26621925830841
34.6294898986816 1.28222465515137
34.6294898986816 1.29808568954468
34.6294898986816 1.31005394458771
34.6294898986816 1.32807993888855
34.6294898986816 1.34111356735229
34.6294898986816 1.3561418056488
34.6294898986816 1.36829721927643
34.6294898986816 1.38404405117035
34.6294898986816 1.39765071868896
34.6294898986816 1.40861713886261
34.6294898986816 1.42233967781067
34.6294898986816 1.44693970680237
34.6294898986816 1.46396160125732
34.6294898986816 1.48136103153229
34.6294898986816 1.49805045127869
34.6294898986816 1.51211333274841
34.6294898986816 1.52920413017273
34.6294898986816 1.54139029979706
34.6294898986816 1.55576848983765
34.6294898986816 1.56698155403137
34.6294898986816 1.58041882514954
34.6294898986816 1.59351623058319
34.6294898986816 1.60481774806976
34.6294898986816 1.61893236637115
34.6294898986816 1.63102114200592
34.6294898986816 1.64703178405762
34.6294898986816 1.6586971282959
34.6294898986816 1.66929626464844
34.6294898986816 1.68296074867249
34.6294898986816 1.69609987735748
34.6294898986816 1.70736622810364
34.6294898986816 1.71959519386292
34.6294898986816 1.73111855983734
34.6294898986816 1.74657821655273
34.6294898986816 1.75922179222107
34.6294898986816 1.77292549610138
34.6294898986816 1.80125975608826
34.6294898986816 1.82240617275238
34.6294898986816 1.84147834777832
34.6294898986816 1.85837006568909
34.6294898986816 1.87215828895569
34.6294898986816 1.89096474647522
34.6294898986816 1.90490102767944
34.6294898986816 1.91972374916077
34.6294898986816 1.93192398548126
34.6294898986816 1.94687974452972
34.6294898986816 1.96031332015991
34.6294898986816 1.98617434501648
34.6294898986816 2.02162194252014
34.6294898986816 2.04797911643982
34.6294898986816 2.06662273406982
34.6294898986816 2.08279943466187
34.6294898986816 2.10167479515076
34.6294898986816 2.11801600456238
34.6294898986816 2.13164186477661
34.6294898986816 2.15425777435303
34.6294898986816 2.16973161697388
34.6294898986816 2.19046330451965
34.6294898986816 2.21875500679016
34.6294898986816 2.23688101768494
34.6294898986816 2.25723171234131
34.6294898986816 2.27220821380615
34.6294898986816 2.29208159446716
34.6294898986816 2.3059196472168
34.6294898986816 2.32091546058655
34.6294898986816 2.33565449714661
34.6294898986816 2.34996628761292
34.6294898986816 2.36732149124146
34.6294898986816 2.38319945335388
34.6294898986816 2.3992338180542
34.6294898986816 2.41177439689636
34.6294898986816 2.43066143989563
34.6294898986816 2.44408965110779
34.6294898986816 2.46669626235962
34.6294898986816 2.49697494506836
34.6294898986816 2.52131581306458
34.6294898986816 2.54190707206726
34.6294898986816 2.55972266197205
34.6294898986816 2.57698178291321
34.6294898986816 2.59454679489136
34.6294898986816 2.60786986351013
34.6294898986816 2.62268114089966
34.6294898986816 2.63848376274109
34.6294898986816 2.65080070495605
34.6294898986816 2.669184923172
34.6294898986816 2.68391561508179
34.6294898986816 2.69963598251343
34.6294898986816 2.71499228477478
34.6294898986816 2.73259329795837
34.6294898986816 2.74724316596985
34.6294898986816 2.76269459724426
34.6294898986816 2.78107619285584
34.6294898986816 2.79827618598938
34.6294898986816 2.81503391265869
34.6294898986816 2.84465956687927
34.6294898986816 2.86657071113586
34.6294898986816 2.88397336006165
34.6294898986816 2.8984808921814
34.6294898986816 2.91125392913818
34.6294898986816 2.92807841300964
34.6294898986816 2.9404764175415
34.6294898986816 2.95627212524414
34.6294898986816 2.96951866149902
34.6294898986816 2.98593688011169
34.6294898986816 3.00163221359253
34.6294898986816 3.02016425132751
34.6294898986816 3.0409049987793
34.6294898986816 3.05828928947449
34.6294898986816 3.08028721809387
34.6294898986816 3.10034918785095
34.6294898986816 3.11743974685669
34.6294898986816 3.13135671615601
34.6294898986816 3.15474390983582
34.6294898986816 3.17313385009766
34.6294898986816 3.19171142578125
34.6294898986816 3.20671081542969
34.6294898986816 3.22589182853699
34.6294898986816 3.24313521385193
34.6294898986816 3.25928235054016
34.6294898986816 3.27639889717102
34.6294898986816 3.29828214645386
34.6294898986816 3.31218671798706
34.6294898986816 3.32868885993958
34.6294898986816 3.34167146682739
34.6294898986816 3.35799646377563
34.6294898986816 3.37077641487122
34.6294898986816 3.39059638977051
34.6294898986816 3.40610408782959
34.6294898986816 3.42098736763
34.6294898986816 3.44125771522522
34.6294898986816 3.46122694015503
34.6294898986816 3.48422288894653
34.6294898986816 3.5040864944458
34.6294898986816 3.53620409965515
34.6294898986816 3.56122231483459
34.6294898986816 3.58221292495728
34.6294898986816 3.6030867099762
34.6294898986816 3.62907719612122
34.6294898986816 3.65011286735535
34.6294898986816 3.67352938652039
34.6294898986816 3.69128108024597
34.6294898986816 3.7133412361145
34.6294898986816 3.73105549812317
34.6294898986816 3.74984359741211
34.6294898986816 3.76232290267944
34.6294898986816 3.77916860580444
34.6294898986816 3.79143500328064
34.6294898986816 3.81011629104614
34.6294898986816 3.82419681549072
34.6294898986816 3.83947992324829
34.6294898986816 3.85203194618225
34.6294898986816 3.87205171585083
34.6294898986816 3.8853394985199
34.6294898986816 3.90244817733765
34.6294898986816 3.92205309867859
34.6294898986816 3.9624330997467
34.6294898986816 3.98926615715027
34.6294898986816 4.0138726234436
34.6294898986816 4.03844928741455
34.6294898986816 4.05762481689453
34.6294898986816 4.08012247085571
34.6294898986816 4.09599161148071
34.6294898986816 4.10909700393677
34.6294898986816 4.12587642669678
34.6294898986816 4.14237499237061
34.6294898986816 4.16006803512573
34.6294898986816 4.17671060562134
34.6294898986816 4.1914234161377
34.6294898986816 4.21234083175659
34.6294898986816 4.22988605499268
34.6294898986816 4.24468040466309
34.6294898986816 4.26001024246216
34.6294898986816 4.27461671829224
34.6294898986816 4.28612089157104
34.6294898986816 4.30073308944702
34.6294898986816 4.31650400161743
34.6294898986816 4.32861375808716
34.6294898986816 4.34376811981201
34.6294898986816 4.36032724380493
34.6294898986816 4.3786473274231
34.6294898986816 4.39581871032715
34.6294898986816 4.4158673286438
34.6294898986816 4.42855930328369
34.6294898986816 4.44427728652954
34.6294898986816 4.46077489852905
34.6294898986816 4.47938966751099
34.6294898986816 4.50118350982666
34.6294898986816 4.52716112136841
34.6294898986816 4.55035638809204
34.6294898986816 4.57080698013306
34.6294898986816 4.58337640762329
34.6294898986816 4.60097742080688
34.6294898986816 4.61889886856079
34.6294898986816 4.63201141357422
34.6294898986816 4.64992046356201
34.6294898986816 4.66324520111084
34.6294898986816 4.67813158035278
34.6294898986816 4.69037771224976
34.6294898986816 4.70963954925537
34.6294898986816 4.72556447982788
34.6294898986816 4.75011825561523
34.6294898986816 4.76930570602417
34.6294898986816 4.78575658798218
34.6294898986816 4.80246257781982
34.6294898986816 4.81850862503052
34.6294898986816 4.83196592330933
34.6294898986816 4.84837293624878
34.6294898986816 4.8606538772583
34.6294898986816 4.87785959243774
34.6294898986816 4.89579057693481
34.6294898986816 4.91628789901733
34.6294898986816 4.92916488647461
34.6294898986816 4.9457950592041
34.6294898986816 4.9621148109436
34.6294898986816 4.98110866546631
34.8223724365234 4.99721717834473
34.8223724365234 5.0097188949585
34.8223724365234 5.02741003036499
34.8223724365234 5.04506921768188
34.8223724365234 5.06292057037354
34.8223724365234 5.08031511306763
34.8223724365234 5.09648609161377
34.8223724365234 5.1104998588562
34.8223724365234 5.12985229492188
34.8223724365234 5.14490222930908
34.8223724365234 5.16370964050293
34.8223724365234 5.17973327636719
34.8223724365234 5.19251728057861
34.8223724365234 5.21213626861572
34.8223724365234 5.22720098495483
34.8223724365234 5.24826240539551
34.8223724365234 5.27045631408691
34.8223724365234 5.29946660995483
34.8223724365234 5.31779909133911
34.8223724365234 5.3392276763916
34.8223724365234 5.35499238967896
34.8223724365234 5.37368869781494
34.8223724365234 5.3883900642395
34.8223724365234 5.40511560440063
34.8223724365234 5.42304515838623
34.8223724365234 5.43925476074219
34.8223724365234 5.45231342315674
34.8223724365234 5.46913146972656
34.8223724365234 5.48131799697876
34.8223724365234 5.49653673171997
34.8223724365234 5.51070261001587
34.8223724365234 5.53492736816406
34.8223724365234 5.55151319503784
34.8223724365234 5.56968212127686
34.8223724365234 5.58274841308594
34.8223724365234 5.59814739227295
34.8223724365234 5.61130714416504
34.8223724365234 5.62882041931152
34.8223724365234 5.64395475387573
34.8223724365234 5.66027021408081
34.8223724365234 5.67802047729492
34.8223724365234 5.69317102432251
34.8223724365234 5.71823787689209
34.8223724365234 5.73654127120972
34.8223724365234 5.7580885887146
34.8223724365234 5.78524351119995
34.8223724365234 5.80421018600464
34.8223724365234 5.820631980896
34.8223724365234 5.83697032928467
34.8223724365234 5.85134029388428
34.8223724365234 5.86973285675049
34.8223724365234 5.88242101669312
34.8223724365234 5.89715147018433
34.8223724365234 5.91017198562622
34.8223724365234 5.93202209472656
34.8223724365234 5.94652986526489
34.8223724365234 5.96594142913818
34.8223724365234 5.98274612426758
34.8223724365234 5.99967002868652
34.8223724365234 6.0119948387146
34.8223724365234 6.02912902832031
34.8223724365234 6.04212808609009
34.8223724365234 6.05792903900146
34.8223724365234 6.07166337966919
34.8223724365234 6.08933734893799
34.8223724365234 6.10179328918457
34.8223724365234 6.12029266357422
34.8223724365234 6.13970565795898
34.8223724365234 6.1533522605896
34.8223724365234 6.17309951782227
34.8223724365234 6.18744516372681
34.8223724365234 6.20332098007202
34.8223724365234 6.21888160705566
34.8223724365234 6.23247146606445
34.8223724365234 6.25105381011963
34.8223724365234 6.26383495330811
34.8223724365234 6.28156089782715
34.8223724365234 6.30303812026978
34.8223724365234 6.31852436065674
34.8223724365234 6.331711769104
34.8223724365234 6.35118389129639
34.8223724365234 6.36537551879883
34.8223724365234 6.38077592849731
34.8223724365234 6.39848470687866
34.8223724365234 6.41529703140259
34.8223724365234 6.43604278564453
34.8223724365234 6.45272159576416
34.8223724365234 6.47323274612427
34.8223724365234 6.48750972747803
34.8223724365234 6.50471544265747
34.8223724365234 6.52356052398682
34.8223724365234 6.54010200500488
34.8223724365234 6.55591821670532
34.8223724365234 6.56864833831787
34.8223724365234 6.58531188964844
34.8223724365234 6.60236406326294
34.8223724365234 6.61813163757324
34.8223724365234 6.63054084777832
34.8223724365234 6.65312910079956
34.8223724365234 6.66861200332642
34.8223724365234 6.68792629241943
34.8223724365234 6.70472049713135
34.8223724365234 6.7223014831543
34.8223724365234 6.74222135543823
34.8223724365234 6.76223802566528
34.8223724365234 6.77816104888916
34.8223724365234 6.79239273071289
34.8223724365234 6.81769418716431
34.8223724365234 6.83762884140015
34.8223724365234 6.86219453811646
34.8223724365234 6.88000965118408
34.8223724365234 6.90248680114746
34.8223724365234 6.91976928710938
34.8223724365234 6.93443918228149
34.8223724365234 6.95214700698853
34.8223724365234 6.96482515335083
34.8223724365234 6.98157644271851
34.8223724365234 7.00055456161499
34.8223724365234 7.02210807800293
34.8223724365234 7.04164409637451
34.8223724365234 7.05840969085693
34.8223724365234 7.0736026763916
34.8223724365234 7.09040451049805
34.8223724365234 7.10304546356201
34.8223724365234 7.11854934692383
34.8223724365234 7.13322782516479
34.8223724365234 7.15606212615967
34.8223724365234 7.17306804656982
34.8223724365234 7.19138956069946
34.8223724365234 7.20398235321045
34.8223724365234 7.21960639953613
34.8223724365234 7.23212957382202
34.8223724365234 7.2497091293335
34.8223724365234 7.26201725006104
34.8223724365234 7.27770900726318
34.8223724365234 7.29044198989868
34.8223724365234 7.30754375457764
34.8223724365234 7.32104682922363
34.8223724365234 7.33646249771118
34.8223724365234 7.34933805465698
34.8223724365234 7.3697772026062
34.8223724365234 7.38727712631226
34.8223724365234 7.40524911880493
34.8223724365234 7.42685270309448
34.8223724365234 7.44528913497925
34.8223724365234 7.46391820907593
34.8223724365234 7.48312664031982
34.8223724365234 7.49919271469116
34.8223724365234 7.51222991943359
34.8223724365234 7.53548192977905
34.8223724365234 7.55244493484497
34.8223724365234 7.57415819168091
34.8223724365234 7.59206104278564
34.8223724365234 7.61346101760864
34.8223724365234 7.63054609298706
34.8223724365234 7.65223169326782
34.8223724365234 7.66751289367676
34.8223724365234 7.68600082397461
34.8223724365234 7.70459127426147
34.8223724365234 7.72165155410767
34.8223724365234 7.73773288726807
34.8223724365234 7.75437641143799
34.8223724365234 7.77326726913452
34.8223724365234 7.78612947463989
34.8223724365234 7.80280590057373
34.8223724365234 7.8182806968689
34.8223724365234 7.83082866668701
34.8223724365234 7.84931087493896
34.8223724365234 7.86329793930054
34.8223724365234 7.87913465499878
34.8223724365234 7.89394760131836
34.8223724365234 7.92133712768555
34.8223724365234 7.94132089614868
34.8223724365234 7.95981407165527
34.8223724365234 7.97472333908081
34.8223724365234 7.99515342712402
34.8223724365234 8.00739192962646
34.8223724365234 8.02428340911865
34.8223724365234 8.04076766967773
34.8223724365234 8.05748462677002
34.8223724365234 8.07239246368408
34.8223724365234 8.09097671508789
34.8223724365234 8.10398960113525
34.8223724365234 8.11937046051025
34.8223724365234 8.13200950622559
34.8223724365234 8.15011405944824
34.8223724365234 8.16247367858887
34.8223724365234 8.17916011810303
34.8223724365234 8.19486141204834
34.8223724365234 8.21582412719727
34.8223724365234 8.23350524902344
34.8223724365234 8.25371360778809
34.8223724365234 8.26906967163086
34.8223724365234 8.28600978851318
34.8223724365234 8.30313873291016
34.8223724365234 8.32083702087402
34.8223724365234 8.33818435668945
34.8223724365234 8.35362720489502
34.8223724365234 8.37460327148438
34.8223724365234 8.38899517059326
34.8223724365234 8.40501117706299
34.8223724365234 8.4228515625
34.8223724365234 8.43959617614746
34.8223724365234 8.45307540893555
34.8223724365234 8.47342300415039
34.8223724365234 8.48703765869141
34.8223724365234 8.50379276275635
34.8223724365234 8.52599143981934
34.8223724365234 8.55190372467041
34.8223724365234 8.57788276672363
34.8223724365234 8.5926513671875
34.8223724365234 8.61190223693848
34.8223724365234 8.62500095367432
34.8223724365234 8.64132022857666
34.8223724365234 8.65900707244873
34.8223724365234 8.67158889770508
34.8223724365234 8.68984985351563
34.8223724365234 8.70284938812256
34.8223724365234 8.7179012298584
34.8223724365234 8.73195648193359
34.8458633422852 8.75267505645752
34.8458633422852 8.7676477432251
34.8458633422852 8.78521823883057
34.8458633422852 8.8027286529541
34.8458633422852 8.82051849365234
34.8458633422852 8.83765316009521
34.8458633422852 8.85261631011963
34.8458633422852 8.87339019775391
34.8458633422852 8.88849258422852
34.8458633422852 8.90548324584961
34.8458633422852 8.92516994476318
34.8458633422852 8.94184398651123
34.8458633422852 8.957932472229
34.8458633422852 8.970383644104
34.8458633422852 8.98924827575684
34.8458633422852 9.00437068939209
34.8458633422852 9.02097797393799
34.8458633422852 9.03815650939941
34.8458633422852 9.05141067504883
34.8458633422852 9.06981945037842
34.8458633422852 9.08328723907471
34.8458633422852 9.10019588470459
34.8458633422852 9.11753273010254
34.8458633422852 9.13080883026123
34.8458633422852 9.14845561981201
34.8458633422852 9.16108894348145
34.8458633422852 9.17689228057861
34.8458633422852 9.18996334075928
34.8458633422852 9.20581150054932
34.8458633422852 9.22109413146973
34.8458633422852 9.23753356933594
34.8458633422852 9.25214958190918
34.8458633422852 9.27670288085938
34.8458633422852 9.29388523101807
34.8458633422852 9.31812858581543
34.8458633422852 9.33093738555908
34.8458633422852 9.3499870300293
34.8458633422852 9.36453151702881
34.8458633422852 9.38140487670898
34.8458633422852 9.39781665802002
34.8458633422852 9.41187763214111
34.8458633422852 9.4289436340332
34.8458633422852 9.44131946563721
34.8458633422852 9.45761108398438
34.8458633422852 9.47053146362305
34.8458633422852 9.48855209350586
34.8458633422852 9.50260066986084
34.8458633422852 9.51945495605469
34.8458633422852 9.53333854675293
34.8458633422852 9.55099868774414
34.8458633422852 9.56385135650635
34.8458633422852 9.57930660247803
34.8458633422852 9.59198570251465
34.8458633422852 9.6101655960083
34.8458633422852 9.62401103973389
34.8458633422852 9.64230251312256
34.8458633422852 9.67002487182617
34.8458633422852 9.6909008026123
34.8458633422852 9.71342086791992
34.8458633422852 9.73081874847412
34.8458633422852 9.75266170501709
34.8458633422852 9.76809978485107
34.8458633422852 9.78482055664063
34.8458633422852 9.80355262756348
34.8458633422852 9.8222541809082
34.8458633422852 9.84331035614014
34.8458633422852 9.8593053817749
34.8458633422852 9.87310123443604
34.8458633422852 9.89412307739258
34.8458633422852 9.91046333312988
34.8458633422852 9.9305477142334
34.8458633422852 9.94646263122559
34.8458633422852 9.96567153930664
34.8458633422852 9.98837375640869
34.8458633422852 10.009973526001
34.8458633422852 10.0288228988647
34.8458633422852 10.0462331771851
34.8458633422852 10.0655450820923
34.8458633422852 10.0837182998657
34.8458633422852 10.1022701263428
34.8458633422852 10.121039390564
34.8458633422852 10.1372127532959
34.8458633422852 10.1502733230591
34.8458633422852 10.1686134338379
34.8458633422852 10.1832628250122
34.8458633422852 10.2103700637817
34.8458633422852 10.2299098968506
34.8458633422852 10.2428712844849
34.8458633422852 10.2579660415649
34.8458633422852 10.2701196670532
34.8458633422852 10.2892513275146
34.8458633422852 10.3054428100586
34.8458633422852 10.3232135772705
34.8458633422852 10.3415451049805
34.8458633422852 10.3570413589478
34.8458633422852 10.3691396713257
34.8458633422852 10.3845672607422
34.8458633422852 10.4000005722046
34.8458633422852 10.4126558303833
34.8458633422852 10.4299802780151
34.8458633422852 10.4413404464722
34.8458633422852 10.4562664031982
34.8458633422852 10.4700126647949
34.8458633422852 10.4881801605225
34.8458633422852 10.5052614212036
34.8458633422852 10.5204038619995
34.8458633422852 10.536229133606
34.8458633422852 10.5531311035156
34.8458633422852 10.5748405456543
34.8458633422852 10.5902147293091
34.8458633422852 10.6094770431519
34.8458633422852 10.6236886978149
34.8458633422852 10.6429738998413
34.8458633422852 10.6611356735229
34.8458633422852 10.680736541748
34.8458633422852 10.6985511779785
34.8458633422852 10.7139892578125
34.8458633422852 10.7339487075806
34.8458633422852 10.7478580474854
34.8458633422852 10.764967918396
34.8458633422852 10.7811908721924
34.8458633422852 10.7977151870728
34.8458633422852 10.8096656799316
34.8458633422852 10.8245105743408
34.8458633422852 10.8390312194824
34.8458633422852 10.8515853881836
34.8458633422852 10.8699684143066
34.8458633422852 10.8817100524902
34.8458633422852 10.896595954895
34.8458633422852 10.9083528518677
34.8458633422852 10.9243745803833
34.8458633422852 10.9424362182617
34.8458633422852 10.9654731750488
34.8458633422852 10.9855756759644
34.8458633422852 11.0020418167114
34.8458633422852 11.0197238922119
34.8458633422852 11.0319671630859
34.8458633422852 11.0501699447632
34.8458633422852 11.0644016265869
34.8458633422852 11.0829792022705
34.8458633422852 11.1058578491211
34.8458633422852 11.1267728805542
34.8458633422852 11.1461753845215
34.8458633422852 11.1637315750122
34.8458633422852 11.1806373596191
34.8458633422852 11.1979503631592
34.8458633422852 11.2129421234131
34.8458633422852 11.2309198379517
34.8458633422852 11.2432746887207
34.8458633422852 11.2582740783691
34.8458633422852 11.2711362838745
34.8458633422852 11.2880020141602
34.8458633422852 11.3016881942749
34.8458633422852 11.3189449310303
34.8458633422852 11.3358135223389
34.8458633422852 11.3602342605591
34.8458633422852 11.3780755996704
34.8458633422852 11.3974885940552
34.8458633422852 11.4197063446045
34.8458633422852 11.4347267150879
34.8458633422852 11.4574480056763
34.8458633422852 11.4755544662476
34.8458633422852 11.4988098144531
34.8458633422852 11.5133371353149
34.8458633422852 11.5324983596802
34.8458633422852 11.547459602356
34.8458633422852 11.5645399093628
34.8458633422852 11.5801343917847
34.8458633422852 11.5954074859619
34.8458633422852 11.6080150604248
34.8458633422852 11.6236190795898
34.8458633422852 11.6382808685303
34.8458633422852 11.6501665115356
34.8458633422852 11.6685342788696
34.8458633422852 11.6826114654541
34.8458633422852 11.6971654891968
34.8458633422852 11.7098379135132
34.8458633422852 11.7285919189453
34.8458633422852 11.7525682449341
34.8458633422852 11.7796049118042
34.8458633422852 11.7937831878662
34.8458633422852 11.8119840621948
34.8458633422852 11.8241748809814
34.8458633422852 11.8400754928589
34.8458633422852 11.8538179397583
34.8458633422852 11.872766494751
34.8458633422852 11.8869581222534
34.8458633422852 11.9014291763306
34.8458633422852 11.9174423217773
34.8458633422852 11.9314632415771
34.8458633422852 11.9547204971313
34.8458633422852 11.9757261276245
34.8458633422852 12.0028123855591
34.8458633422852 12.0236463546753
34.8458633422852 12.0409173965454
34.8458633422852 12.0598821640015
34.8458633422852 12.0750131607056
34.8458633422852 12.0948486328125
34.8458633422852 12.1090526580811
34.8458633422852 12.1261253356934
34.8458633422852 12.1438856124878
34.8458633422852 12.161566734314
34.8458633422852 12.1771745681763
34.8458633422852 12.1902713775635
34.8458633422852 12.2122449874878
34.8458633422852 12.2287263870239
34.8458633422852 12.2462539672852
34.8458633422852 12.2623243331909
34.8458633422852 12.2801971435547
34.8458633422852 12.2986221313477
34.8458633422852 12.313588142395
34.8458633422852 12.3390960693359
34.8458633422852 12.3594017028809
34.8458633422852 12.3791570663452
34.8458633422852 12.3949346542358
34.8458633422852 12.4128103256226
34.8458633422852 12.4251670837402
34.8458633422852 12.4426946640015
34.8458633422852 12.4695777893066
34.8458633422852 12.4933109283447
34.8757591247559 12.5177793502808
34.8757591247559 12.5333118438721
34.8757591247559 12.5539045333862
34.8757591247559 12.5678405761719
34.8757591247559 12.5842008590698
34.8757591247559 12.6017150878906
34.8757591247559 12.6244144439697
34.8757591247559 12.6434412002563
34.8757591247559 12.6627674102783
34.8757591247559 12.6801176071167
34.8757591247559 12.6969184875488
34.8757591247559 12.7116050720215
34.8757591247559 12.7315807342529
34.8757591247559 12.7456035614014
34.8757591247559 12.7625799179077
34.8757591247559 12.7781448364258
34.8757591247559 12.7907810211182
34.8757591247559 12.8098096847534
34.8757591247559 12.8254985809326
34.8757591247559 12.8460426330566
34.8757591247559 12.8675584793091
34.8757591247559 12.8879022598267
34.8757591247559 12.9060573577881
34.8757591247559 12.9240417480469
34.8757591247559 12.9394464492798
34.8757591247559 12.9526834487915
34.8757591247559 12.9720144271851
34.8757591247559 12.985203742981
34.8757591247559 13.0011377334595
34.8757591247559 13.0192518234253
34.8757591247559 13.0417156219482
34.8757591247559 13.0639057159424
34.8757591247559 13.0839548110962
34.8757591247559 13.1004848480225
34.8757591247559 13.1172065734863
34.8757591247559 13.130316734314
34.8757591247559 13.154182434082
34.8757591247559 13.1696653366089
34.8757591247559 13.1900491714478
34.8757591247559 13.2073612213135
34.8757591247559 13.2245655059814
34.8757591247559 13.2415542602539
34.8757591247559 13.257248878479
34.8757591247559 13.2701044082642
34.8757591247559 13.2878398895264
34.8757591247559 13.3034715652466
34.8757591247559 13.3192672729492
34.8757591247559 13.3327360153198
34.8757591247559 13.3500461578369
34.8757591247559 13.3643178939819
34.8757591247559 13.3831758499146
34.8757591247559 13.4056558609009
34.8757591247559 13.4270668029785
34.8757591247559 13.446608543396
34.8757591247559 13.4697198867798
34.8757591247559 13.4899730682373
34.8757591247559 13.5109434127808
34.8757591247559 13.5391235351563
34.8757591247559 13.563364982605
34.8757591247559 13.5889806747437
34.8757591247559 13.6099376678467
34.8757591247559 13.6279611587524
34.8757591247559 13.6458768844604
34.8757591247559 13.6628150939941
34.8757591247559 13.679497718811
34.8757591247559 13.6927642822266
34.8757591247559 13.7110834121704
34.8757591247559 13.7265567779541
34.8757591247559 13.7432231903076
34.8757591247559 13.7612113952637
34.8757591247559 13.7856245040894
34.8757591247559 13.8106298446655
34.8757591247559 13.835470199585
34.8757591247559 13.8535251617432
34.8757591247559 13.8742895126343
34.8757591247559 13.888542175293
34.8757591247559 13.9075946807861
34.8757591247559 13.9274349212646
34.8757591247559 13.9438610076904
34.8757591247559 13.9596738815308
34.8757591247559 13.9731311798096
34.8757591247559 13.9930477142334
34.8757591247559 14.0087728500366
34.8757591247559 14.0252075195313
34.8757591247559 14.0419635772705
34.8757591247559 14.0584259033203
34.8757591247559 14.0735759735107
34.8757591247559 14.091591835022
34.8757591247559 14.1067571640015
34.8757591247559 14.1268320083618
34.8757591247559 14.1489410400391
34.8757591247559 14.1656064987183
34.8757591247559 14.1820297241211
34.8757591247559 14.2022047042847
34.8757591247559 14.223876953125
34.8757591247559 14.2429418563843
34.8757591247559 14.2604703903198
34.8757591247559 14.2763948440552
34.8757591247559 14.2901849746704
34.8757591247559 14.308819770813
34.8757591247559 14.3237829208374
34.8757591247559 14.3393220901489
34.8757591247559 14.3524923324585
34.8757591247559 14.3705835342407
34.8757591247559 14.3848371505737
34.8757591247559 14.4057216644287
34.8757591247559 14.4298057556152
34.8757591247559 14.4479894638062
34.8757591247559 14.4664688110352
34.8757591247559 14.4842472076416
34.8757591247559 14.5012788772583
34.8757591247559 14.5180578231812
34.8757591247559 14.5332546234131
34.8757591247559 14.5544729232788
34.8757591247559 14.5686693191528
34.8757591247559 14.5870933532715
34.8757591247559 14.6110601425171
34.8757591247559 14.6342277526855
34.8757591247559 14.6521949768066
34.8757591247559 14.6741027832031
34.8757591247559 14.6915035247803
34.8757591247559 14.7115688323975
34.8757591247559 14.7267360687256
34.8757591247559 14.7438993453979
34.8757591247559 14.7722730636597
34.8757591247559 14.7956352233887
34.8757591247559 14.8198566436768
34.8757591247559 14.8430109024048
34.8757591247559 14.8614349365234
34.8757591247559 14.8792448043823
34.8757591247559 14.8951215744019
34.8757591247559 14.9143228530884
34.8757591247559 14.9275007247925
34.8757591247559 14.9435729980469
34.8757591247559 14.9599027633667
34.8757591247559 14.9744319915771
34.8757591247559 14.9920721054077
34.8757591247559 15.0045356750488
34.8757591247559 15.0214290618896
34.8757591247559 15.0372257232666
34.8757591247559 15.0504541397095
34.8757591247559 15.0684499740601
34.8757591247559 15.0818567276001
34.8757591247559 15.0981683731079
34.8757591247559 15.1107292175293
34.8757591247559 15.1294479370117
34.8757591247559 15.1457834243774
34.8757591247559 15.1634931564331
34.8757591247559 15.1819515228271
34.8757591247559 15.2010459899902
34.8757591247559 15.2220439910889
34.8757591247559 15.2401514053345
34.8757591247559 15.2568550109863
34.8757591247559 15.2793779373169
34.8757591247559 15.2935972213745
34.8757591247559 15.3127918243408
34.8757591247559 15.3267793655396
34.8757591247559 15.3460025787354
34.8757591247559 15.3637466430664
34.8757591247559 15.3830814361572
34.8757591247559 15.400426864624
34.8757591247559 15.417631149292
34.8757591247559 15.4316740036011
34.8757591247559 15.4513254165649
34.8757591247559 15.4669103622437
34.8757591247559 15.4856052398682
34.8757591247559 15.5020780563354
34.8757591247559 15.5219383239746
34.8757591247559 15.541877746582
34.8757591247559 15.5599117279053
34.8757591247559 15.5768346786499
34.8757591247559 15.596474647522
34.8757591247559 15.6110219955444
34.8757591247559 15.6339731216431
34.8757591247559 15.6523122787476
34.8757591247559 15.6733617782593
34.8757591247559 15.6902055740356
34.8757591247559 15.7126493453979
34.8757591247559 15.7293386459351
34.8757591247559 15.7463979721069
34.8757591247559 15.7649612426758
34.8757591247559 15.7826662063599
34.8757591247559 15.8015041351318
34.8757591247559 15.8184089660645
34.8757591247559 15.8330106735229
34.8757591247559 15.852744102478
34.8757591247559 15.867525100708
34.8757591247559 15.8830881118774
34.8757591247559 15.8989706039429
34.8757591247559 15.914041519165
34.8757591247559 15.9373407363892
34.8757591247559 15.96217918396
34.8757591247559 15.9866466522217
34.8757591247559 16.0053443908691
34.8757591247559 16.0241756439209
34.8757591247559 16.0407638549805
34.8757591247559 16.0584735870361
34.8757591247559 16.0737590789795
34.8757591247559 16.0930976867676
34.8757591247559 16.1061038970947
34.8757591247559 16.1242370605469
34.8757591247559 16.1403274536133
34.8757591247559 16.1580772399902
34.8757591247559 16.1727561950684
34.8757591247559 16.1913604736328
34.8757591247559 16.204719543457
34.8757591247559 16.2243328094482
34.8757591247559 16.2464580535889
34.8757591247559 16.2642230987549
34.9184036254883 16.280969619751
34.9184036254883 16.3019371032715
34.9184036254883 16.3215866088867
34.9184036254883 16.3421821594238
34.9184036254883 16.3596229553223
34.9184036254883 16.3749580383301
34.9184036254883 16.3949890136719
34.9184036254883 16.411060333252
34.9184036254883 16.4307041168213
34.9184036254883 16.4449195861816
34.9184036254883 16.4611701965332
34.9184036254883 16.4790134429932
34.9184036254883 16.4930591583252
34.9184036254883 16.5128917694092
34.9184036254883 16.526798248291
34.9184036254883 16.5432891845703
34.9184036254883 16.5604591369629
34.9184036254883 16.5767440795898
34.9184036254883 16.5911235809326
34.9184036254883 16.6142559051514
34.9184036254883 16.6393280029297
34.9184036254883 16.6655864715576
34.9184036254883 16.6877574920654
34.9184036254883 16.7094383239746
34.9184036254883 16.7280311584473
34.9184036254883 16.747013092041
34.9184036254883 16.7631607055664
34.9184036254883 16.7801475524902
34.9184036254883 16.7969131469727
34.9184036254883 16.8170413970947
34.9184036254883 16.8308486938477
34.9184036254883 16.8499660491943
34.9184036254883 16.8656406402588
34.9184036254883 16.8850440979004
34.9184036254883 16.9019470214844
34.9184036254883 16.9190330505371
34.9184036254883 16.9344673156738
34.9184036254883 16.9640293121338
34.9184036254883 16.9989147186279
34.9184036254883 17.02734375
34.9184036254883 17.0465221405029
34.9184036254883 17.0639228820801
34.9184036254883 17.0840110778809
34.9184036254883 17.1098251342773
34.9184036254883 17.1404037475586
34.9184036254883 17.1717224121094
34.9184036254883 17.1969146728516
34.9184036254883 17.2149543762207
34.9184036254883 17.236156463623
34.9184036254883 17.2514133453369
34.9184036254883 17.2717781066895
34.9184036254883 17.2885398864746
34.9184036254883 17.3067893981934
34.9184036254883 17.3229999542236
34.9184036254883 17.3410739898682
34.9184036254883 17.360408782959
34.9184036254883 17.3785133361816
34.9184036254883 17.3975582122803
34.9184036254883 17.4235439300537
34.9184036254883 17.4440536499023
34.9184036254883 17.4618854522705
34.9184036254883 17.4814376831055
34.9184036254883 17.4998455047607
34.9184036254883 17.5140953063965
34.9184036254883 17.5330581665039
34.9184036254883 17.548713684082
34.9184036254883 17.5668926239014
34.9184036254883 17.5839614868164
34.9184036254883 17.603063583374
34.9184036254883 17.6219177246094
34.9184036254883 17.6396369934082
34.9184036254883 17.6564693450928
34.9184036254883 17.682596206665
34.9184036254883 17.7022762298584
34.9184036254883 17.7196292877197
34.9184036254883 17.7333831787109
34.9184036254883 17.7517242431641
34.9184036254883 17.7668533325195
34.9184036254883 17.7845287322998
34.9184036254883 17.8023509979248
34.9184036254883 17.8186798095703
34.9184036254883 17.8332500457764
34.9184036254883 17.8526458740234
34.9184036254883 17.8680648803711
34.9184036254883 17.8846969604492
34.9184036254883 17.9010601043701
34.9184036254883 17.9170112609863
34.9184036254883 17.9293270111084
34.9184036254883 17.9444599151611
34.9184036254883 17.9602088928223
34.9184036254883 17.9766788482666
34.9184036254883 17.9981060028076
34.9184036254883 18.014347076416
34.9184036254883 18.0340766906738
34.9184036254883 18.0504093170166
34.9184036254883 18.0727291107178
34.9184036254883 18.0951976776123
34.9184036254883 18.123405456543
34.9184036254883 18.1504878997803
34.9184036254883 18.1742248535156
34.9184036254883 18.1904716491699
34.9184036254883 18.2107944488525
34.9184036254883 18.2272796630859
34.9184036254883 18.2453937530518
34.9184036254883 18.2613658905029
34.9184036254883 18.2784366607666
34.9184036254883 18.2910861968994
34.9184036254883 18.309700012207
34.9184036254883 18.3241348266602
34.9184036254883 18.3412475585938
34.9184036254883 18.3614692687988
34.9184036254883 18.3860816955566
34.9184036254883 18.4048557281494
34.9184036254883 18.4226226806641
34.9184036254883 18.439079284668
34.9184036254883 18.4549751281738
34.9184036254883 18.4801845550537
34.9184036254883 18.4986705780029
34.9184036254883 18.5191898345947
34.9184036254883 18.5347347259521
34.9184036254883 18.554370880127
34.9184036254883 18.5675258636475
34.9184036254883 18.5838718414307
34.9184036254883 18.6000919342041
34.9184036254883 18.6153831481934
34.9184036254883 18.6378860473633
34.9184036254883 18.6522941589355
34.9184036254883 18.6716403961182
34.9184036254883 18.6859722137451
34.9184036254883 18.7034206390381
34.9184036254883 18.7201480865479
34.9184036254883 18.7345542907715
34.9184036254883 18.7537689208984
34.9184036254883 18.769739151001
34.9184036254883 18.7872943878174
34.9184036254883 18.8054599761963
34.9184036254883 18.8276443481445
34.9184036254883 18.8482475280762
34.9184036254883 18.8668727874756
34.9184036254883 18.8892784118652
34.9184036254883 18.9078369140625
34.9184036254883 18.9283599853516
34.9184036254883 18.9455642700195
34.9184036254883 18.9621028900146
34.9184036254883 18.9804306030273
34.9184036254883 18.9979667663574
34.9184036254883 19.0119495391846
34.9184036254883 19.0309524536133
34.9184036254883 19.0461845397949
34.9184036254883 19.0627479553223
34.9184036254883 19.0796947479248
34.9184036254883 19.0944538116455
34.9184036254883 19.1181526184082
34.9184036254883 19.1370582580566
34.9184036254883 19.1698665618896
34.9184036254883 19.19846534729
34.9184036254883 19.2290287017822
34.9184036254883 19.2518177032471
34.9184036254883 19.276969909668
34.9184036254883 19.293384552002
34.9184036254883 19.3183116912842
34.9184036254883 19.3340225219727
34.9184036254883 19.3567276000977
34.9184036254883 19.3729724884033
34.9184036254883 19.3912296295166
34.9184036254883 19.4062099456787
34.9184036254883 19.4230480194092
34.9184036254883 19.4387760162354
34.9184036254883 19.451358795166
34.9184036254883 19.4734630584717
34.9184036254883 19.4888782501221
34.9184036254883 19.5079784393311
34.9184036254883 19.5248565673828
34.9184036254883 19.5415668487549
34.9184036254883 19.5582180023193
34.9184036254883 19.5855751037598
34.9184036254883 19.6065502166748
34.9184036254883 19.623233795166
34.9184036254883 19.6390609741211
34.9184036254883 19.6528148651123
34.9184036254883 19.6702575683594
34.9184036254883 19.6846160888672
34.9184036254883 19.7057552337646
34.9184036254883 19.7250595092773
34.9184036254883 19.7435684204102
34.9184036254883 19.7591114044189
34.9184036254883 19.7728900909424
34.9184036254883 19.7915992736816
34.9184036254883 19.8056354522705
34.9184036254883 19.8214206695557
34.9184036254883 19.839994430542
34.9184036254883 19.8568115234375
34.9184036254883 19.8799247741699
34.9184036254883 19.8977565765381
34.9184036254883 19.9196109771729
34.9184036254883 19.9371776580811
34.9184036254883 19.9592266082764
34.9184036254883 19.9747581481934
34.9184036254883 19.9962749481201
34.9184036254883 20.0107364654541
35.227954864502 20.0305194854736
35.227954864502 20.0464019775391
35.227954864502 20.0637397766113
35.227954864502 20.0828475952148
35.227954864502 20.1005325317383
35.227954864502 20.1189956665039
35.227954864502 20.1327171325684
35.227954864502 20.1561374664307
35.227954864502 20.1739387512207
35.227954864502 20.1939144134521
35.227954864502 20.2085285186768
35.227954864502 20.2265281677246
35.227954864502 20.2472457885742
35.227954864502 20.2638168334961
35.227954864502 20.2811641693115
35.227954864502 20.3047370910645
35.227954864502 20.3240852355957
35.227954864502 20.3436279296875
35.227954864502 20.3602180480957
35.227954864502 20.3744640350342
35.227954864502 20.3971748352051
35.227954864502 20.4170513153076
35.227954864502 20.438892364502
35.227954864502 20.4571380615234
35.227954864502 20.4776000976563
35.227954864502 20.4930553436279
35.227954864502 20.513277053833
35.227954864502 20.5277862548828
35.227954864502 20.5433311462402
35.227954864502 20.5616245269775
35.227954864502 20.5802345275879
35.227954864502 20.5968570709229
35.227954864502 20.6207790374756
35.227954864502 20.6410579681396
35.227954864502 20.6630744934082
35.227954864502 20.6810855865479
35.227954864502 20.6994228363037
35.227954864502 20.7158374786377
35.227954864502 20.7350482940674
35.227954864502 20.7492084503174
35.227954864502 20.7659816741943
35.227954864502 20.7842693328857
35.227954864502 20.8053379058838
35.227954864502 20.8266086578369
35.227954864502 20.8501129150391
35.227954864502 20.8714351654053
35.227954864502 20.8920116424561
35.227954864502 20.9098415374756
35.227954864502 20.9279975891113
35.227954864502 20.9454479217529
35.227954864502 20.9635009765625
35.227954864502 20.9867343902588
35.227954864502 21.0095272064209
35.227954864502 21.0331268310547
35.227954864502 21.0561408996582
35.227954864502 21.0719661712646
35.227954864502 21.0920639038086
35.227954864502 21.1066246032715
35.227954864502 21.1240787506104
35.227954864502 21.1406345367432
35.227954864502 21.1595993041992
35.227954864502 21.1732788085938
35.227954864502 21.192253112793
35.227954864502 21.2069339752197
35.227954864502 21.2266979217529
35.227954864502 21.2495079040527
35.227954864502 21.2687206268311
35.227954864502 21.2896499633789
35.227954864502 21.3069896697998
35.227954864502 21.3236103057861
35.227954864502 21.3424758911133
35.227954864502 21.3597106933594
35.227954864502 21.3731231689453
35.227954864502 21.3915672302246
35.227954864502 21.4089851379395
35.227954864502 21.4285049438477
35.227954864502 21.4452037811279
35.227954864502 21.4624347686768
35.227954864502 21.4807434082031
35.227954864502 21.4988613128662
35.227954864502 21.5140552520752
35.227954864502 21.5377464294434
35.227954864502 21.5586185455322
35.227954864502 21.5838050842285
35.227954864502 21.6031379699707
35.227954864502 21.6241016387939
35.227954864502 21.6435642242432
35.227954864502 21.6652812957764
35.227954864502 21.6859149932861
35.227954864502 21.7053756713867
35.227954864502 21.722146987915
35.227954864502 21.7400245666504
35.227954864502 21.7571716308594
35.227954864502 21.7763175964355
35.227954864502 21.7911586761475
35.227954864502 21.8122062683105
35.227954864502 21.8276386260986
35.227954864502 21.8454208374023
35.227954864502 21.862606048584
35.227954864502 21.8815383911133
35.227954864502 21.9059276580811
35.227954864502 21.9259300231934
35.227954864502 21.9415073394775
35.227954864502 21.9574947357178
35.227954864502 21.9714851379395
35.227954864502 21.9895267486572
35.227954864502 22.0058326721191
35.227954864502 22.0269298553467
35.227954864502 22.0460929870605
35.227954864502 22.0667057037354
35.227954864502 22.0846405029297
35.227954864502 22.103874206543
35.227954864502 22.1242198944092
35.227954864502 22.1432476043701
35.227954864502 22.1626739501953
35.227954864502 22.1847190856934
35.227954864502 22.2016296386719
35.227954864502 22.2164344787598
35.227954864502 22.2304191589355
35.227954864502 22.2579021453857
35.227954864502 22.2741146087646
35.227954864502 22.2932605743408
35.227954864502 22.3101024627686
35.227954864502 22.3274612426758
35.227954864502 22.346212387085
35.227954864502 22.366003036499
35.227954864502 22.3871612548828
35.227954864502 22.4047336578369
35.227954864502 22.4238185882568
35.227954864502 22.4419803619385
35.227954864502 22.4603157043457
35.227954864502 22.476842880249
35.227954864502 22.4964942932129
35.227954864502 22.5126056671143
35.227954864502 22.533576965332
35.227954864502 22.550895690918
35.227954864502 22.5712890625
35.227954864502 22.5865211486816
35.227954864502 22.6055660247803
35.227954864502 22.6233081817627
35.227954864502 22.6420192718506
35.227954864502 22.664587020874
35.227954864502 22.6860618591309
35.227954864502 22.7112503051758
35.227954864502 22.740348815918
35.227954864502 22.7650413513184
35.227954864502 22.7840538024902
35.227954864502 22.8064117431641
35.227954864502 22.8274040222168
35.227954864502 22.8491668701172
35.227954864502 22.870454788208
35.227954864502 22.8918838500977
35.227954864502 22.9099636077881
35.227954864502 22.9290885925293
35.227954864502 22.9471416473389
35.227954864502 22.9675846099854
35.227954864502 22.984691619873
35.227954864502 23.003044128418
35.227954864502 23.0228576660156
35.227954864502 23.0438976287842
35.227954864502 23.0653171539307
35.227954864502 23.0838069915771
35.227954864502 23.1019611358643
35.227954864502 23.1208229064941
35.227954864502 23.1381168365479
35.227954864502 23.1524429321289
35.227954864502 23.1714248657227
35.227954864502 23.1871795654297
35.227954864502 23.2038383483887
35.227954864502 23.2213096618652
35.227954864502 23.2389602661133
35.227954864502 23.2541790008545
35.227954864502 23.273588180542
35.227954864502 23.2887001037598
35.227954864502 23.3065414428711
35.227954864502 23.3241100311279
35.227954864502 23.3428115844727
35.227954864502 23.361665725708
35.227954864502 23.3792762756348
35.227954864502 23.3960800170898
35.227954864502 23.4154243469238
35.227954864502 23.4313907623291
35.227954864502 23.452075958252
35.227954864502 23.4680233001709
35.227954864502 23.4849662780762
35.227954864502 23.5033493041992
35.227954864502 23.5219554901123
35.227954864502 23.5401172637939
35.227954864502 23.5542678833008
35.227954864502 23.5744857788086
35.227954864502 23.5920753479004
35.227954864502 23.6126804351807
35.227954864502 23.6290378570557
35.227954864502 23.6460933685303
35.227954864502 23.6635761260986
35.227954864502 23.6802654266357
35.227954864502 23.6942234039307
35.227954864502 23.7136936187744
35.227954864502 23.7289943695068
35.227954864502 23.7460098266602
35.227954864502 23.7649364471436
35.227954864502 23.7853927612305
35.9110908508301 23.8096008300781
35.9110908508301 23.8308200836182
35.9110908508301 23.8529472351074
35.9110908508301 23.8682193756104
35.9110908508301 23.8872222900391
35.9110908508301 23.9062976837158
35.9110908508301 23.9254360198975
35.9110908508301 23.9434967041016
35.9110908508301 23.961877822876
35.9110908508301 23.9855346679688
35.9110908508301 24.0098743438721
35.9110908508301 24.0356025695801
35.9110908508301 24.0573902130127
35.9110908508301 24.0738315582275
35.9110908508301 24.0947685241699
35.9110908508301 24.1105327606201
35.9110908508301 24.1305122375488
35.9110908508301 24.1477241516113
35.9110908508301 24.1662845611572
35.9110908508301 24.1846446990967
35.9110908508301 24.2033252716064
35.9110908508301 24.2200832366943
35.9110908508301 24.2346286773682
35.9110908508301 24.2539901733398
35.9110908508301 24.270528793335
35.9110908508301 24.2911605834961
35.9110908508301 24.3058528900146
35.9110908508301 24.323637008667
35.9110908508301 24.342321395874
35.9110908508301 24.3598194122314
35.9110908508301 24.374195098877
35.9110908508301 24.393949508667
35.9110908508301 24.4091911315918
35.9110908508301 24.4257545471191
35.9110908508301 24.45578956604
35.9110908508301 24.4866256713867
35.9110908508301 24.5074787139893
35.9110908508301 24.5285491943359
35.9110908508301 24.5494842529297
35.9110908508301 24.5740737915039
35.9110908508301 24.6012134552002
35.9110908508301 24.6228733062744
35.9110908508301 24.6416893005371
35.9110908508301 24.6621150970459
35.9110908508301 24.6796073913574
35.9110908508301 24.6942615509033
35.9110908508301 24.7153434753418
35.9110908508301 24.7318267822266
35.9110908508301 24.7509078979492
35.9110908508301 24.7659664154053
35.9110908508301 24.7836074829102
35.9110908508301 24.8045520782471
35.9110908508301 24.8225917816162
35.9110908508301 24.8411178588867
35.9110908508301 24.8582820892334
35.9110908508301 24.8734188079834
35.9110908508301 24.8977603912354
35.9110908508301 24.9159450531006
35.9110908508301 24.9373970031738
35.9110908508301 24.9531955718994
35.9110908508301 24.9730224609375
35.9110908508301 24.9882183074951
35.9110908508301 25.008129119873
35.9110908508301 25.025972366333
35.9110908508301 25.0445156097412
35.9110908508301 25.0650768280029
35.9110908508301 25.083589553833
35.9110908508301 25.1016826629639
35.9110908508301 25.1251640319824
35.9110908508301 25.1569995880127
35.9110908508301 25.2020854949951
35.9110908508301 25.2342662811279
35.9110908508301 25.2575721740723
35.9110908508301 25.2765026092529
35.9110908508301 25.298267364502
35.9110908508301 25.3154029846191
35.9110908508301 25.3376331329346
35.9110908508301 25.3553085327148
35.9110908508301 25.3763637542725
35.9110908508301 25.3917922973633
35.9110908508301 25.4131450653076
35.9110908508301 25.4282341003418
35.9110908508301 25.4462966918945
35.9110908508301 25.464672088623
35.9110908508301 25.4823417663574
35.9110908508301 25.5005207061768
35.9110908508301 25.5170612335205
35.9110908508301 25.5321426391602
35.9110908508301 25.5522518157959
35.9110908508301 25.5694255828857
35.9110908508301 25.5929775238037
35.9110908508301 25.6186141967773
35.9110908508301 25.6361351013184
35.9110908508301 25.6609954833984
35.9110908508301 25.6847248077393
35.9110908508301 25.7053146362305
35.9110908508301 25.7248210906982
35.9110908508301 25.7471866607666
35.9110908508301 25.7668266296387
35.9110908508301 25.7869682312012
35.9110908508301 25.8042678833008
35.9110908508301 25.8214282989502
35.9110908508301 25.8398208618164
35.9110908508301 25.8532390594482
35.9110908508301 25.8728713989258
35.9110908508301 25.8866405487061
35.9110908508301 25.9039878845215
35.9110908508301 25.9209117889404
35.9110908508301 25.9384231567383
35.9110908508301 25.9524021148682
35.9110908508301 25.9717636108398
35.9110908508301 25.9859657287598
35.9110908508301 26.002965927124
35.9110908508301 26.0212440490723
35.9110908508301 26.0383644104004
35.9110908508301 26.0528888702393
35.9110908508301 26.0724468231201
35.9110908508301 26.0877246856689
35.9110908508301 26.1039199829102
35.9110908508301 26.1226482391357
35.9110908508301 26.1472129821777
35.9110908508301 26.1672611236572
35.9110908508301 26.186408996582
35.9110908508301 26.2069187164307
35.9110908508301 26.2243404388428
35.9110908508301 26.2444820404053
35.9110908508301 26.2622947692871
35.9110908508301 26.2805976867676
35.9110908508301 26.3001441955566
35.9110908508301 26.3199596405029
35.9110908508301 26.3452911376953
35.9110908508301 26.3735218048096
35.9110908508301 26.3994121551514
35.9110908508301 26.4155197143555
35.9110908508301 26.4387855529785
35.9110908508301 26.4549198150635
35.9110908508301 26.4751091003418
35.9110908508301 26.4899482727051
35.9110908508301 26.5069637298584
35.9110908508301 26.525203704834
35.9110908508301 26.5420780181885
35.9110908508301 26.5578727722168
35.9110908508301 26.5742950439453
35.9110908508301 26.5928592681885
35.9110908508301 26.6065044403076
35.9110908508301 26.6238327026367
35.9110908508301 26.6444797515869
35.9110908508301 26.6644458770752
35.9110908508301 26.682201385498
35.9110908508301 26.701244354248
35.9110908508301 26.7191867828369
35.9110908508301 26.733570098877
35.9110908508301 26.7542018890381
35.9110908508301 26.7727718353271
35.9110908508301 26.7999172210693
35.9110908508301 26.8206825256348
35.9110908508301 26.8515491485596
35.9110908508301 26.8813762664795
35.9110908508301 26.9067363739014
35.9110908508301 26.9285469055176
35.9110908508301 26.9494380950928
35.9110908508301 26.9706974029541
35.9110908508301 26.992977142334
35.9110908508301 27.0127201080322
35.9110908508301 27.0353622436523
35.9110908508301 27.053747177124
35.9110908508301 27.0752010345459
35.9110908508301 27.0908222198486
35.9110908508301 27.1107635498047
35.9110908508301 27.1292209625244
35.9110908508301 27.1499061584473
35.9110908508301 27.1665134429932
35.9110908508301 27.1832981109619
35.9110908508301 27.2010707855225
35.9110908508301 27.2178115844727
35.9110908508301 27.2312450408936
35.9110908508301 27.2502193450928
35.9110908508301 27.2641086578369
35.9110908508301 27.2802085876465
35.9110908508301 27.2956504821777
35.9110908508301 27.3155212402344
35.9110908508301 27.3286247253418
35.9110908508301 27.3457431793213
35.9110908508301 27.3633365631104
35.9110908508301 27.3830280303955
35.9110908508301 27.39990234375
35.9110908508301 27.4155578613281
35.9110908508301 27.4367904663086
35.9110908508301 27.4526329040527
35.9110908508301 27.4729022979736
35.9110908508301 27.4871921539307
35.9110908508301 27.5056247711182
35.9110908508301 27.5241622924805
35.9110908508301 27.5414772033691
36.0880889892578 27.5589065551758
36.0880889892578 27.5754337310791
36.0880889892578 27.5956058502197
36.0880889892578 27.6109390258789
36.0880889892578 27.630220413208
36.0880889892578 27.6454906463623
36.0880889892578 27.6609001159668
36.0880889892578 27.677225112915
36.0880889892578 27.6911430358887
36.0880889892578 27.7108478546143
36.0880889892578 27.7266101837158
36.0880889892578 27.7439823150635
36.0880889892578 27.7619686126709
36.0880889892578 27.7803726196289
36.0880889892578 27.7951469421387
36.0880889892578 27.8128566741943
36.0880889892578 27.8260402679443
36.0880889892578 27.8427581787109
36.0880889892578 27.8598098754883
36.0880889892578 27.8763942718506
36.0880889892578 27.9006958007813
36.0880889892578 27.9214687347412
36.0880889892578 27.9427394866943
36.0880889892578 27.9603843688965
36.0880889892578 27.9755821228027
36.0880889892578 27.9951000213623
36.0880889892578 28.0084495544434
36.0880889892578 28.0250663757324
36.0880889892578 28.0421810150146
36.0880889892578 28.0622501373291
36.0880889892578 28.0901412963867
36.0880889892578 28.1131038665771
36.0880889892578 28.1391506195068
36.0880889892578 28.1553230285645
36.0880889892578 28.178430557251
36.0880889892578 28.1930751800537
36.0880889892578 28.2143669128418
36.0880889892578 28.2311668395996
36.0880889892578 28.2516899108887
36.0880889892578 28.267333984375
36.0880889892578 28.2837715148926
36.0880889892578 28.30051612854
36.0880889892578 28.3178424835205
36.0880889892578 28.3318729400635
36.0880889892578 28.351541519165
36.0880889892578 28.3682193756104
36.0880889892578 28.3858203887939
36.0880889892578 28.4038906097412
36.0880889892578 28.4227161407471
36.0880889892578 28.442756652832
36.0880889892578 28.4605121612549
36.0880889892578 28.4802436828613
36.0880889892578 28.4948806762695
36.0880889892578 28.5176868438721
36.0880889892578 28.552713394165
36.0880889892578 28.6038494110107
36.0880889892578 28.639928817749
36.0880889892578 28.6667518615723
36.0880889892578 28.6901626586914
36.0880889892578 28.7139949798584
36.0880889892578 28.7369117736816
36.0880889892578 28.7516021728516
36.0880889892578 28.7732181549072
36.0880889892578 28.7892246246338
36.0880889892578 28.8083724975586
36.0880889892578 28.827220916748
36.0880889892578 28.8457813262939
36.0880889892578 28.865478515625
36.0880889892578 28.884162902832
36.0880889892578 28.9017639160156
36.0880889892578 28.9181461334229
36.0880889892578 28.9314098358154
36.0880889892578 28.9502201080322
36.0880889892578 28.9652233123779
36.0880889892578 28.9812660217285
36.0880889892578 28.9962482452393
36.0880889892578 29.00954246521
36.0880889892578 29.0256690979004
36.0880889892578 29.0412750244141
36.0880889892578 29.0575351715088
36.0880889892578 29.0712089538574
36.0880889892578 29.0886325836182
36.0880889892578 29.1014728546143
36.0880889892578 29.1172580718994
36.0880889892578 29.1320133209229
36.0880889892578 29.1503829956055
36.0880889892578 29.162727355957
36.0880889892578 29.1786212921143
36.0880889892578 29.1903686523438
36.0880889892578 29.2061462402344
36.0880889892578 29.2218494415283
36.0880889892578 29.2373943328857
36.0880889892578 29.2503452301025
36.0880889892578 29.2665729522705
36.0880889892578 29.2835254669189
36.0880889892578 29.2993659973145
36.0880889892578 29.322437286377
36.0880889892578 29.3422985076904
36.0880889892578 29.3571319580078
36.0880889892578 29.3698711395264
36.0880889892578 29.385669708252
36.0880889892578 29.4023132324219
36.0880889892578 29.4182415008545
36.0880889892578 29.432861328125
36.0880889892578 29.4508972167969
36.0880889892578 29.4639225006104
36.0880889892578 29.4794902801514
36.0880889892578 29.4932193756104
36.0880889892578 29.5116367340088
36.0880889892578 29.525218963623
36.0880889892578 29.5413074493408
36.0880889892578 29.5577640533447
36.0880889892578 29.572998046875
36.0880889892578 29.595422744751
36.0880889892578 29.6141109466553
36.0880889892578 29.6380748748779
36.0880889892578 29.6530570983887
36.0880889892578 29.6712970733643
36.0880889892578 29.6881542205811
36.0880889892578 29.7058525085449
36.0880889892578 29.7226715087891
36.0880889892578 29.7390460968018
36.0880889892578 29.7577228546143
36.0880889892578 29.7812213897705
36.0880889892578 29.8136692047119
36.0880889892578 29.8424663543701
36.0880889892578 29.8649368286133
36.0880889892578 29.8870372772217
36.0880889892578 29.9055652618408
36.0880889892578 29.9258308410645
36.0880889892578 29.943660736084
36.0880889892578 29.9604015350342
36.0880889892578 29.9774341583252
36.0880889892578 29.9971809387207
36.0880889892578 30.0116939544678
36.0880889892578 30.0312061309814
36.0880889892578 30.0468368530273
36.0880889892578 30.1468372344971
36.0880889892578 30.2468376159668
36.0880889892578 30.3468379974365
36.0880889892578 30.4468364715576
36.0880889892578 30.5413665771484
36.0880889892578 30.5927562713623
36.0880889892578 30.6188812255859
36.0880889892578 30.6350898742676
36.0880889892578 30.6575546264648
36.0880889892578 30.6732959747314
36.0880889892578 30.6915016174316
36.0880889892578 30.7050628662109
36.0880889892578 30.7224597930908
36.0880889892578 30.74045753479
36.0880889892578 30.7567901611328
36.0880889892578 30.774866104126
36.0880889892578 30.7885723114014
36.0880889892578 30.8062763214111
36.0880889892578 30.8216667175293
36.0880889892578 30.8394374847412
36.0880889892578 30.8523464202881
36.0880889892578 30.8694438934326
36.0880889892578 30.8820152282715
36.0880889892578 30.8971652984619
36.0880889892578 30.9100341796875
36.0880889892578 30.9249286651611
36.0880889892578 30.9395771026611
36.0880889892578 30.9517192840576
36.0880889892578 30.9688911437988
36.0880889892578 30.9817981719971
36.0880889892578 30.9975700378418
36.0880889892578 31.0100231170654
36.0880889892578 31.0263977050781
36.0880889892578 31.0422973632813
36.0880889892578 31.0570735931396
36.0880889892578 31.071569442749
36.0880889892578 31.0888862609863
36.0880889892578 31.1025009155273
36.0880889892578 31.1187400817871
36.0880889892578 31.1318893432617
36.0880889892578 31.1496772766113
36.0880889892578 31.1632518768311
36.0880889892578 31.178840637207
36.0880889892578 31.1927394866943
36.0880889892578 31.2099514007568
36.0880889892578 31.2250595092773
36.0880889892578 31.241003036499
36.0880889892578 31.2564144134521
36.0880889892578 31.2697372436523
36.0880889892578 31.285551071167
36.0880889892578 31.3003215789795
36.0880889892578 31.3134078979492
36.1619987487793 31.3301773071289
36.1619987487793 31.3428363800049
36.1619987487793 31.3585643768311
36.1619987487793 31.3724308013916
36.1619987487793 31.3899230957031
36.1619987487793 31.4020252227783
36.1619987487793 31.418550491333
36.1619987487793 31.4328517913818
36.1619987487793 31.4499740600586
36.1619987487793 31.4630832672119
36.1619987487793 31.4799499511719
36.1619987487793 31.4919948577881
36.1619987487793 31.50954246521
36.1619987487793 31.5218162536621
36.1619987487793 31.536075592041
36.1619987487793 31.5489234924316
36.1619987487793 31.5636196136475
36.1619987487793 31.5793304443359
36.1619987487793 31.5916557312012
36.1619987487793 31.6091327667236
36.1619987487793 31.6215515136719
36.1619987487793 31.6373558044434
36.1619987487793 31.6501808166504
36.1619987487793 31.6657772064209
36.1619987487793 31.6812362670898
36.1619987487793 31.6959838867188
36.1619987487793 31.7113285064697
36.1619987487793 31.7288093566895
36.1619987487793 31.7427215576172
36.1619987487793 31.7582912445068
36.1619987487793 31.7702312469482
36.1619987487793 31.7855663299561
36.1619987487793 31.8003273010254
36.1619987487793 31.8125915527344
36.1619987487793 31.8297080993652
36.1619987487793 31.8425884246826
36.1619987487793 31.8586177825928
36.1619987487793 31.8717994689941
36.1619987487793 31.890926361084
36.1619987487793 31.9064044952393
36.1619987487793 31.9221897125244
36.1619987487793 31.9375324249268
36.1619987487793 31.9522514343262
36.1619987487793 31.9717483520508
36.1619987487793 32.0462265014648
